3.77920142789638E-33 6.17190430829135E-17 1.0079484652372375 
0.8936995566565439 0.12355176354262931 0.4808939856893819 
0.254203379776313 0.9717228784742271 0.02820294867323419 
6.174953128938387E-17 1.0084463754345547 0.0 
0.8017572807096056 0.4991180085745935 0.4248260659229269 
0.07911615432021306 0.9882966863360545 0.22211101919814466 
0.8511505596175688 0.5247282518768034 0.07643287605672647 
0.13716392364462418 0.8629717241050369 0.5078174444348195 
0.9275148052065919 0.26232315189388083 0.32489201669021717 
0.37201279419416977 0.9414642742795457 0.10393130031019486 
0.6480867216979909 0.0729449637680648 0.794790647135907 
0.9765949189384833 0.08423118786480022 0.25321502062850637 
0.14872466167512383 0.8233182817912483 0.5563803207966448 
0.3991481455955948 0.2250684216849444 0.9055708314258297 
0.4867844105615872 0.3476597078593818 0.8142126022149342 
0.33517423530551804 0.9293877858588057 0.17465114962844547 
0.9881872665338655 0.08865247085390737 0.2407000561637971 
0.11408645305754517 0.4113857464356707 0.9274597032824006 
0.4342056970823933 0.435659912818246 0.8382519084948745 
0.8137636528656372 0.3280421650136145 0.5337827207634314 
0.5371192013101334 0.1375134027671782 0.8589508223896181 
0.8832019065523365 0.5105645422067715 0.05039669410069464 
0.20998617075214074 0.9614444574737067 0.28764875498098913 
0.09541721502223804 0.17864371763560813 0.990003939515508 
0.7312414560785748 0.05077135319051349 0.7189392271717393 
0.4995238732130727 0.8787120254706431 0.13172163620871077 
0.16298865203050952 0.2192981553303637 0.9708780741999188 
0.6651376931667697 0.27485828979445476 0.7089788549807384 
1.003341051244807 0.0 0.0 
0.9641241565229364 0.27966390973966443 0.1556392307147722 
0.8325351154782572 0.028862419967989387 0.5834196608570875 
4.412275295993984E-17 4.894637291563842E-17 1.0761982842472746 
0.41797796394469494 0.39710046861176096 0.87493273708996 
0.3035439413956946 0.30133545747129875 0.9159792498835893 
6.252936465461882E-17 0.0 1.0211820207778144 
0.7473103905614489 0.16884306566250137 0.6819848582314474 
0.3900555016580624 0.9226711011450661 0.1224905243726646 
0.32938679230562284 0.5566223616322323 0.7817936631554812 
0.4500430267792377 0.2308150728539393 0.8965156840380449 
0.6147332008963097 0.6612762894316131 0.49294079853599065 
0.6963896388300943 0.7629217935347032 0.19084494806718733 
0.7693223908195757 0.20663525787325804 0.6297864625339002 
2.087248771967568E-17 6.109005444009397E-17 1.0543020478962857 
0.29098174327937015 0.6309881206209812 0.7432949469032323 
4.2270013221758503E-17 5.344423314938635E-17 1.1128083096911923 
0.24435278129327329 0.7918128013463664 0.6039078394217825 
0.6773397575092999 0.4486616449894077 0.651048371677882 
0.17339040217174784 0.9789708966896663 0.3018290521222245 
0.5952296676251114 0.7354955317790239 0.38005596680421466 
0.37461396576460954 0.012561048842744919 0.9380559653948624 
0.9924699182355773 0.11078171518387886 0.1817637349807611 
0.5893664919261429 0.050390937610104686 0.8221449940651838 
0.7771461490520033 0.4263173626761184 0.5196848344856468 
0.8259229127835784 0.6899405664998902 0.005059952783596016 
0.7907493688439522 0.5323749065055481 0.3494964553764493 
0.7596413756809646 0.06099304329381651 0.6676117866302357 
0.3484356655589985 0.5438032513306461 0.805015777621385 
0.5729533850022316 0.16732135022021408 0.8500059527319394 
0.21866768402745987 0.9482951101094621 0.27418310926410766 
0.46952216123899143 0.4854390432876881 0.7653862551683629 
0.5684239725644615 0.6136412016481161 0.5726016238414561 
0.957827197429105 0.19056121717326538 0.3385494083394245 
0.26677792003255474 0.5972584990388038 0.7697371493066608 
0.5581167898018998 0.4723141646817027 0.7306719589207458 
0.659159563836113 0.4583198334772944 0.69816611441293 
0.16050142147823146 0.8297521549985312 0.5470440149262434 
0.6815315813427989 0.6067268912328826 0.4606440831280983 
0.24563938392485035 0.9035198157304737 0.4102777421531123 
0.5182831274832881 0.7119981485438297 0.5039843670051293 
0.12262239401028711 0.7782611036615922 0.65944230102742 
5.803698121992906E-17 3.91697489765742E-17 1.143485393554685 
0.6046307703403347 0.5883280873689639 0.5869142712070218 
0.7028164808664805 0.6517199600477654 0.35500820813410927 
0.019801059750943484 0.36684120040111834 0.935967581012153 
0.05173855219772444 0.6853648815028132 0.7727381238837807 
0.8309682102012812 0.1457578524872534 0.6391602871858223 
0.5473045180359885 0.672322268502382 0.571503079800565 
0.6892917538014031 0.24997171575379293 0.7643590858247723 
0.18593213215398643 1.0055586834065944 0.06547750202202048 
0.7170833165125649 0.5218625186971061 0.5257182194962928 
0.31850690773606666 0.2955241949318773 0.9449978734222788 
0.39562114423959927 0.8882334050916448 0.27407735841656666 
0.9304690419158276 0.49485180841270376 0.13716606726052152 
0.641738467206956 0.33979506706361096 0.7495955036431217 
0.4750297236240632 0.9052027562979239 0.17431093164070455 
0.8683332968148161 0.3319436911265377 0.42634551152750705 
0.19631607159671524 0.7482852858716196 0.6790439851731427 
0.9475113333486593 0.35945630383288274 0.0 
0.28855844561260835 0.4122277162657727 0.8815892911720887 
0.5134518189096545 0.8450915395369735 0.38970587061735396 
0.630495089175903 0.7322479770980237 0.3149198802049944 
0.8402873333247277 0.38251810747766296 0.4181580384740005 
0.7673957511130454 0.5786542489632209 0.37220012011886106 
0.5338481955535535 0.7741292045885771 0.3908332885371131 
0.4518605281563218 0.7029129810717745 0.6164611078260726 
0.13299750255174503 0.629539320001881 0.7877212499516284 
0.2903373177323595 0.31660991274105504 0.9592871909930114 
0.9028745005460274 0.39831038013281517 0.24777595653083384 
0.6576539586403064 0.7244860577540332 0.4659273669695994 
0.23554819267232732 0.8140681933273024 0.5920191031227623 
